0.00
4.06
4.92
4.30
9.84
4.31
14.77
4.14
19.69
4.07
24.61
3.96
29.53
3.98
34.45
3.89
39.38
3.67
44.30
3.39
49.22
3.26
54.14
3.28
59.06
3.04
63.98
2.75
68.91
2.48
73.83
2.19
78.75
2.10
83.67
2.02
88.59
1.67
93.52
1.38
98.44
1.09
103.36
0.89
108.28
0.68
113.20
0.51
118.12
0.33
123.05
0.24
127.97
0.16
132.89
0.12
137.81
0.12
142.73
0.14
147.66
0.22
152.58
0.34
157.50
0.48
162.42
0.63
167.34
0.79
172.27
0.98
177.19
1.19
182.11
1.38
0.00
1.50
4.92
1.51
9.84
1.78
14.77
2.12
19.69
2.31
24.61
2.55
29.53
2.82
34.45
3.06
39.38
3.19
44.30
3.46
49.22
3.72
54.14
3.85
59.06
3.98
63.98
4.12
68.91
4.15
73.83
4.14
78.75
4.06
83.67
3.99
88.59
4.05
93.52
3.76
98.44
3.54
103.36
3.26
108.28
3.13
113.20
2.85
118.12
2.46
123.05
2.18
127.97
2.01
132.89
1.67
137.81
1.35
142.73
1.04
147.66
0.89
152.58
0.69
157.50
0.49
162.42
0.31
167.34
0.19
172.27
0.12
177.19
0.11
182.11
0.14
0.00
0.13
4.92
0.16
9.84
0.22
14.77
0.32
19.69
0.43
24.61
0.50
29.53
0.58
34.45
0.77
39.38
0.93
44.30
1.08
49.22
1.25
54.14
0.00
59.06
1.61
63.98
1.80
68.91
2.09
73.83
2.35
78.75
2.37
83.67
2.53
88.59
2.78
93.52
2.98
98.44
3.14
103.36
3.24
108.28
3.37
113.20
3.54
118.12
3.78
123.05
3.94
127.97
4.02
132.89
4.17
137.81
4.21
142.73
4.29
147.66
4.23
152.58
4.12
157.50
4.04
162.42
3.96
167.34
3.94
172.27
3.78
177.19
3.62
182.11
3.38
0.00
3.57
4.92
3.42
9.84
2.94
14.77
2.70
19.69
2.31
24.61
1.95
29.53
1.56
34.45
1.20
39.38
0.93
44.30
0.70
49.22
0.50
54.14
0.30
59.06
0.16
63.98
0.09
68.91
0.07
73.83
0.11
78.75
0.17
83.67
0.26
88.59
0.39
93.52
0.45
98.44
0.58
103.36
0.80
108.28
1.04
113.20
1.20
118.12
1.32
123.05
1.51
127.97
1.71
132.89
2.01
137.81
2.16
142.73
2.35
147.66
2.53
152.58
2.79
157.50
3.04
162.42
3.26
167.34
3.62
172.27
3.65
177.19
3.82
182.11
4.05
0.00
3.99
4.92
3.90
9.84
4.17
14.77
4.17
19.69
4.19
24.61
4.41
29.53
4.28
34.45
4.18
39.38
4.09
44.30
4.10
49.22
3.94
54.14
3.69
59.06
3.50
63.98
3.26
68.91
2.99
73.83
2.70
78.75
2.44
83.67
2.08
88.59
1.84
93.52
1.61
98.44
1.24
103.36
1.00
108.28
0.80
113.20
0.58
118.12
0.43
123.05
0.00
127.97
0.21
132.89
0.16
137.81
0.12
142.73
0.09
147.66
0.11
