0.00
1.60
4.92
1.45
9.84
1.17
14.77
0.96
19.69
0.74
24.61
0.58
29.53
0.38
34.45
0.23
39.38
0.15
44.30
0.10
49.22
0.09
54.14
0.11
59.06
0.17
63.98
0.26
68.91
0.38
73.83
0.57
78.75
0.76
83.67
0.97
88.59
1.21
93.52
1.47
98.44
1.75
103.36
1.96
108.28
2.32
113.20
2.49
118.12
2.77
123.05
2.93
127.97
3.13
132.89
3.32
137.81
3.46
142.73
3.54
147.66
3.65
152.58
3.66
157.50
3.79
162.42
3.57
167.34
3.55
172.27
3.42
177.19
3.28
182.11
3.13
0.00
3.34
4.92
3.16
9.84
2.97
14.77
2.79
19.69
2.62
24.61
2.45
29.53
2.29
34.45
2.01
39.38
1.73
44.30
1.51
49.22
1.30
54.14
1.05
59.06
0.89
63.98
0.66
68.91
0.48
73.83
0.36
78.75
0.24
83.67
0.16
88.59
0.11
93.52
0.09
98.44
0.08
103.36
0.11
108.28
0.16
113.20
0.21
118.12
0.29
123.05
0.37
127.97
0.54
132.89
0.65
137.81
0.82
142.73
1.04
147.66
1.21
152.58
1.45
157.50
1.70
162.42
1.87
167.34
2.09
172.27
2.29
177.19
2.46
182.11
2.89
0.00
2.58
4.92
2.50
9.84
2.61
14.77
2.76
19.69
2.89
24.61
2.97
29.53
3.14
34.45
3.33
39.38
3.33
44.30
3.41
49.22
3.50
54.14
3.55
59.06
3.59
63.98
3.63
68.91
3.86
73.83
3.67
78.75
3.65
83.67
3.58
88.59
3.50
93.52
3.36
98.44
3.22
103.36
2.98
108.28
2.80
113.20
2.55
118.12
2.30
123.05
1.98
127.97
1.70
132.89
1.44
137.81
1.17
142.73
0.90
147.66
0.63
152.58
0.45
157.50
0.31
162.42
0.20
167.34
0.11
172.27
0.08
177.19
0.08
182.11
0.12
0.00
0.14
4.92
0.14
9.84
0.20
14.77
0.22
19.69
0.28
24.61
0.32
29.53
0.39
34.45
0.54
39.38
0.64
44.30
0.79
49.22
0.88
54.14
1.00
59.06
1.17
63.98
1.37
68.91
1.56
73.83
1.69
78.75
1.75
83.67
1.87
88.59
2.06
93.52
2.28
98.44
2.40
103.36
2.52
108.28
2.72
113.20
2.62
118.12
2.70
123.05
2.72
127.97
3.18
132.89
2.91
137.81
0.00
142.73
0.01
147.66
0.01
152.58
0.61
157.50
2.01
162.42
3.45
167.34
3.12
172.27
3.54
177.19
0.85
182.11
3.24
0.00
5.00
4.92
5.00
9.84
5.00
14.77
5.00
19.69
5.00
24.61
5.00
29.53
5.00
34.45
5.00
39.38
4.79
44.30
4.44
49.22
4.24
54.14
4.02
59.06
3.65
63.98
3.41
68.91
3.18
73.83
3.06
78.75
2.81
83.67
2.65
88.59
2.14
93.52
1.95
98.44
1.74
103.36
1.54
108.28
1.40
113.20
1.08
118.12
0.82
123.05
0.69
127.97
0.63
132.89
0.52
137.81
0.45
142.73
0.32
147.66
0.19
152.58
0.14
157.50
0.11
162.42
0.11
167.34
0.10
172.27
0.13
177.19
0.19
182.11
0.25
0.00
0.25
4.92
0.28
9.84
0.37
14.77
0.00
19.69
0.00
24.61
0.00
29.53
0.00
34.45
0.00
39.38
0.00
44.30
0.00
