Os dados das linhas ímpares são ângulos e das linhas pares são voltagens:
0.0
0.01
4.92
0.01
9.84
0.02
14.77
0.01
19.69
0.02
24.61
0.03
29.53
0.03
34.45
0.01
39.38
0.01
44.3
0.03
49.22
0.02
54.14
0.01
59.06
0.01
63.98
0.04
68.91
0.03
73.83
0.0
78.75
0.01
83.67
0.02
88.59
0.01
93.52
0.02
98.44
0.01
103.36
0.02
108.28
0.02
113.2
0.01
118.12
0.02
123.05
0.01
127.97
0.02
132.89
0.0
137.81
0.02
142.73
0.02
147.66
0.0
152.58
0.0
157.5
0.02
162.42
0.01
167.34
0.0
172.27
0.01
177.19
0.02
182.11
0.01
180
0.0
Desse jeito talvez seja melhor de salvar: 

Ângulos:
0.0
4.92
9.84
14.77
19.69
24.61
29.53
34.45
39.38
44.3
49.22
54.14
59.06
63.98
68.91
73.83
78.75
83.67
88.59
93.52
98.44
103.36
108.28
113.2
118.12
123.05
127.97
132.89
137.81
142.73
147.66
152.58
157.5
162.42
167.34
172.27
177.19
182.11
180

Voltagens:
 0.01
0.01
0.02
0.01
0.02
0.03
0.03
0.01
0.01
0.03
0.02
0.01
0.01
0.04
0.03
0.0
0.01
0.02
0.01
0.02
0.01
0.02
0.02
0.01
0.02
0.01
0.02
0.0
0.02
0.02
0.0
0.0
0.02
0.01
0.0
0.01
0.02
0.01
0.0
