Os dados das linhas ímpares são ângulos e das linhas pares são voltagens:
0.0
1.14
4.92
0.88
9.84
0.61
14.77
0.41
19.69
0.33
24.61
0.31
29.53
0.32
34.45
0.39
39.38
0.59
44.3
0.78
49.22
1.05
54.14
1.18
59.06
1.59
63.98
2.03
68.91
2.54
73.83
2.87
78.75
3.45
83.67
4.17
88.59
4.76
93.52
5.0
98.44
5.0
103.36
5.0
108.28
5.0
113.2
5.0
118.12
5.0
123.05
5.0
127.97
5.0
132.89
5.0
137.81
5.0
142.73
5.0
147.66
5.0
152.58
5.0
157.5
5.0
162.42
5.0
167.34
5.0
172.27
5.0
177.19
5.0
182.11
5.0
180
5.0
184.92
5.0
189.84
5.0
194.77
5.0
199.69
5.0
204.61
5.0
209.53
5.0
214.45
5.0
219.38
5.0
224.3
4.64
229.22
3.82
234.14
2.97
239.06
0.01
243.98
0.0
248.91
0.0
253.82999999999998
0.0
258.75
0.0
263.67
0.0
268.59000000000003
0.0
273.52
0.0
278.44
0.0
283.36
0.0
288.28
0.0
293.2
0.0
298.12
0.33
303.05
0.0
307.97
0.0
312.89
0.0
317.81
0.02
322.73
0.01
327.65999999999997
3.32
332.58000000000004
4.5
337.5
0.04
342.41999999999996
5.0
347.34000000000003
0.07
352.27
5.0
357.19
5.0
362.11
5.0
360
5.0
364.92
5.0
369.84
5.0
374.77
5.0
379.69
5.0
384.61
5.0
389.53
5.0
394.45
5.0
399.38
5.0
404.3
5.0
409.22
4.63
414.14
4.17
419.06
3.64
423.98
2.57
428.90999999999997
5.0
433.83
0.37
438.75
0.0
443.67
0.0
448.59000000000003
0.0
453.52
0.0
458.44
0.0
463.36
0.0
468.28
0.0
473.2
0.01
478.12
0.0
483.05
0.0
487.97
0.0
492.89
0.0
497.81
0.0
502.73
0.0
507.65999999999997
0.0
512.58
0.0
517.5
0.0
522.42
0.0
527.34
0.0
532.27
0.0
537.19
0.0
542.11
0.0
540
0.21
544.92
0.18
549.84
0.27
554.77
0.42
559.69
0.57
564.61
0.76
569.53
0.94
574.45
1.12
579.38
1.27
584.3
1.38
589.22
1.47
594.14
1.55
599.06
1.49
603.98
1.39
608.91
1.19
613.83
0.98
618.75
0.77
623.67
0.6
628.59
0.47
633.52
0.39
638.44
0.27
643.36
0.1
648.28
0.08
653.2
0.09
658.12
0.08
663.05
0.06
667.97
0.04
672.89
0.03
677.81
0.03
682.73
0.02
687.66
0.0
692.58
0.0
697.5
0.0
702.42
0.0
707.34
0.0
Desse jeito talvez seja melhor de salvar: 

Ângulos:
0.0
4.92
9.84
14.77
19.69
24.61
29.53
34.45
39.38
44.3
49.22
54.14
59.06
63.98
68.91
73.83
78.75
83.67
88.59
93.52
98.44
103.36
108.28
113.2
118.12
123.05
127.97
132.89
137.81
142.73
147.66
152.58
157.5
162.42
167.34
172.27
177.19
182.11
180
184.92
189.84
194.77
199.69
204.61
209.53
214.45
219.38
224.3
229.22
234.14
239.06
243.98
248.91
253.82999999999998
258.75
263.67
268.59000000000003
273.52
278.44
283.36
288.28
293.2
298.12
303.05
307.97
312.89
317.81
322.73
327.65999999999997
332.58000000000004
337.5
342.41999999999996
347.34000000000003
352.27
357.19
362.11
360
364.92
369.84
374.77
379.69
384.61
389.53
394.45
399.38
404.3
409.22
414.14
419.06
423.98
428.90999999999997
433.83
438.75
443.67
448.59000000000003
453.52
458.44
463.36
468.28
473.2
478.12
483.05
487.97
492.89
497.81
502.73
507.65999999999997
512.58
517.5
522.42
527.34
532.27
537.19
542.11
540
544.92
549.84
554.77
559.69
564.61
569.53
574.45
579.38
584.3
589.22
594.14
599.06
603.98
608.91
613.83
618.75
623.67
628.59
633.52
638.44
643.36
648.28
653.2
658.12
663.05
667.97
672.89
677.81
682.73
687.66
692.58
697.5
702.42
707.34

Voltagens:
 1.14
0.88
0.61
0.41
0.33
0.31
0.32
0.39
0.59
0.78
1.05
1.18
1.59
2.03
2.54
2.87
3.45
4.17
4.76
5.0
5.0
5.0
5.0
5.0
5.0
5.0
5.0
5.0
5.0
5.0
5.0
5.0
5.0
5.0
5.0
5.0
5.0
5.0
5.0
5.0
5.0
5.0
5.0
5.0
5.0
5.0
5.0
4.64
3.82
2.97
0.01
0.0
0.0
0.0
0.0
0.0
0.0
0.0
0.0
0.0
0.0
0.0
0.33
0.0
0.0
0.0
0.02
0.01
3.32
4.5
0.04
5.0
0.07
5.0
5.0
5.0
5.0
5.0
5.0
5.0
5.0
5.0
5.0
5.0
5.0
5.0
4.63
4.17
3.64
2.57
5.0
0.37
0.0
0.0
0.0
0.0
0.0
0.0
0.0
0.01
0.0
0.0
0.0
0.0
0.0
0.0
0.0
0.0
0.0
0.0
0.0
0.0
0.0
0.0
0.21
0.18
0.27
0.42
0.57
0.76
0.94
1.12
1.27
1.38
1.47
1.55
1.49
1.39
1.19
0.98
0.77
0.6
0.47
0.39
0.27
0.1
0.08
0.09
0.08
0.06
0.04
0.03
0.03
0.02
0.0
0.0
0.0
0.0
0.0
