Os dados das linhas ímpares são ângulos e das linhas pares são voltagens:
0.0
0.0
4.92
0.01
9.84
0.0
14.77
0.0
19.69
0.01
24.61
0.01
29.53
0.01
34.45
0.0
39.38
0.0
44.3
0.0
49.22
0.0
54.14
0.02
59.06
0.0
63.98
0.0
68.91
0.0
73.83
0.0
78.75
0.0
83.67
0.0
88.59
0.0
93.52
0.01
98.44
0.02
103.36
0.01
108.28
0.0
113.2
0.0
118.12
0.0
123.05
0.0
127.97
0.0
132.89
0.01
137.81
0.0
142.73
0.01
147.66
0.01
152.58
0.0
157.5
0.0
162.42
0.0
167.34
0.02
172.27
0.02
177.19
0.0
182.11
0.0
180
0.0
184.92
0.0
189.84
0.0
194.77
0.0
199.69
0.0
204.61
0.0
209.53
0.0
214.45
0.0
219.38
0.0
224.3
0.0
229.22
0.0
234.14
0.0
239.06
0.0
243.98
0.0
248.91
0.0
253.82999999999998
0.0
258.75
0.0
263.67
0.0
268.59000000000003
0.0
273.52
0.0
278.44
0.0
283.36
0.0
288.28
0.0
293.2
0.01
298.12
0.0
303.05
0.0
307.97
0.0
312.89
0.0
317.81
0.0
322.73
0.0
327.65999999999997
0.0
332.58000000000004
0.0
337.5
0.0
342.41999999999996
0.0
347.34000000000003
0.0
352.27
0.0
357.19
0.0
362.11
0.0
360
0.0
Desse jeito talvez seja melhor de salvar: 

Ângulos:
0.0
4.92
9.84
14.77
19.69
24.61
29.53
34.45
39.38
44.3
49.22
54.14
59.06
63.98
68.91
73.83
78.75
83.67
88.59
93.52
98.44
103.36
108.28
113.2
118.12
123.05
127.97
132.89
137.81
142.73
147.66
152.58
157.5
162.42
167.34
172.27
177.19
182.11
180
184.92
189.84
194.77
199.69
204.61
209.53
214.45
219.38
224.3
229.22
234.14
239.06
243.98
248.91
253.82999999999998
258.75
263.67
268.59000000000003
273.52
278.44
283.36
288.28
293.2
298.12
303.05
307.97
312.89
317.81
322.73
327.65999999999997
332.58000000000004
337.5
342.41999999999996
347.34000000000003
352.27
357.19
362.11
360

Voltagens:
 0.0
0.01
0.0
0.0
0.01
0.01
0.01
0.0
0.0
0.0
0.0
0.02
0.0
0.0
0.0
0.0
0.0
0.0
0.0
0.01
0.02
0.01
0.0
0.0
0.0
0.0
0.0
0.01
0.0
0.01
0.01
0.0
0.0
0.0
0.02
0.02
0.0
0.0
0.0
0.0
0.0
0.0
0.0
0.0
0.0
0.0
0.0
0.0
0.0
0.0
0.0
0.0
0.0
0.0
0.0
0.0
0.0
0.0
0.0
0.0
0.0
0.01
0.0
0.0
0.0
0.0
0.0
0.0
0.0
0.0
0.0
0.0
0.0
0.0
0.0
0.0
0.0
