Os dados das linhas ímpares são ângulos e das linhas pares são voltagens:
0.0
0.26
4.92
0.25
9.84
0.21
14.77
0.13
19.69
0.08
24.61
0.06
29.53
0.06
34.45
0.07
39.38
0.08
44.3
0.09
49.22
0.15
54.14
0.23
59.06
0.31
63.98
0.38
68.91
0.49
73.83
0.63
78.75
0.74
Desse jeito talvez seja melhor de salvar: 

Ângulos:
0.0
4.92
9.84
14.77
19.69
24.61
29.53
34.45
39.38
44.3
49.22
54.14
59.06
63.98
68.91
73.83
78.75

Voltagens:
 0.26
0.25
0.21
0.13
0.08
0.06
0.06
0.07
0.08
0.09
0.15
0.23
0.31
0.38
0.49
0.63
0.74
